        0.82204
        0.93420
        0.99733
        1.02426
        1.03537
        1.03916
        1.04016
        1.03953
        1.03747
        1.03611
        1.03413
        1.03224
        1.03060
        1.02867
        1.02687
        1.02564
        1.02477
        1.02295
        1.02228
        1.02125
        1.02007
        1.01908
        1.01843
        1.01758
        1.01696
        1.01626
        1.01562
        1.01516
        1.01477
        1.01403
        1.01356
        1.01328
        1.01263
        1.01243
        1.01198
        1.01174
        1.01120
        1.01113
        1.01089
        1.01029
        1.01040
        1.01010
        1.00968
        1.00947
        1.00948
        1.00914
        1.00886
        1.00863
        1.00848
        1.00831
        1.00817
        1.00799
        1.00789
        1.00769
        1.00754
        1.00736
        1.00719
        1.00711
        1.00703
        1.00676
        1.00673
        1.00659
        1.00651
        1.00630
        1.00629
        1.00617
        1.00605
        1.00593
        1.00598
        1.00575
        1.00566
        1.00563
        1.00553
        1.00539
        1.00533
        1.00533
        1.00520
        1.00495
        1.00517
        1.00490
        1.00492
        1.00475
        1.00464
        1.00472
        1.00450
        1.00436
        1.00441
        1.00422
        1.00409
        1.00382
        1.00377
        1.00349
        1.00308
        1.00255
        1.00178
        1.00024
        0.99681
        0.98727
        0.89599
